Amino20x4-28         4.89     5.22     0.32
Amino20x4-54         2.18     1.72     0.46
BHROT27-16          14.42    14.52     0.10
BHROT27-26          17.00    17.20     0.20
FH51-24            -19.75   -22.45     2.70
FH51-30            -16.67   -16.98     0.31
MCONF-1              0.87     0.39     0.48
WCPT18-15           46.60    59.63    13.03
DIPCS10-7          732.16   733.00     0.84
W4-11-30           106.30   107.50     1.20
W4-11-57           186.75   182.52     4.24
W4-11-132          153.16   128.12    25.04
S66-6                7.44     7.55     0.11
S66-50               2.73     2.87     0.14
MB16-43-10          34.61    46.31    11.69
HAL59-40             3.78     3.34     0.44
HAL59-57             2.59     2.48     0.11
G21EA-14            27.15    29.30     2.15
G21EA-25            50.75    54.70     3.95
DC13-1              -0.59    -1.00     0.41
BH76-5              15.20    17.80     2.60
PNICO23-16           1.80     1.78     0.02
HEAVY28-16           1.51     1.57     0.06
ACONF-10             1.77     1.25     0.52
CDIE20-9             3.29     2.90     0.39
PX13-9              32.39    42.30     9.91
BSR36-31            22.55    24.96     2.41
BHPERI-11           18.03    27.60     9.57
SIE4x4-15           49.11    16.90    32.21
BUT14DIOL-13         1.78     2.22     0.44
NFinal =  30, NActual =  30, WTMAD2 = 7.586
