Amino20x4-28         5.56     5.22     0.34
Amino20x4-54         2.03     1.72     0.31
BHROT27-16          15.49    14.52     0.97
BHROT27-26          17.10    17.20     0.10
FH51-24            -17.68   -22.45     4.77
FH51-30            -16.60   -16.98     0.38
MCONF-1              0.46     0.39     0.07
WCPT18-15           46.34    59.63    13.29
DIPCS10-7          732.90   733.00     0.10
W4-11-30           107.07   107.50     0.43
W4-11-57           186.80   182.52     4.28
W4-11-132          146.04   128.12    17.92
S66-6                7.58     7.55     0.03
S66-50               2.58     2.87     0.29
MB16-43-10          28.95    46.31    17.36
HAL59-40             3.35     3.34     0.01
HAL59-57             2.27     2.48     0.21
G21EA-14            28.26    29.30     1.04
G21EA-25            48.54    54.70     6.16
DC13-1               0.93    -1.00     1.93
BH76-5              17.22    17.80     0.58
PNICO23-16           1.72     1.78     0.06
HEAVY28-16           1.64     1.57     0.07
ACONF-10             1.94     1.25     0.69
CDIE20-9             3.44     2.90     0.54
PX13-9              33.20    42.30     9.10
BSR36-31            20.42    24.96     4.54
BHPERI-11           20.99    27.60     6.61
SIE4x4-15           46.27    16.90    29.37
BUT14DIOL-13         1.94     2.22     0.28
NFinal =  30, NActual =  30, WTMAD2 = 7.422
