Amino20x4-28         4.38     5.22     0.84
Amino20x4-54         0.52     1.72     1.20
BHROT27-16          16.03    14.52     1.51
BHROT27-26          17.29    17.20     0.09
FH51-24            -33.45   -22.45    11.00
FH51-30            -12.59   -16.98     4.39
MCONF-1              2.10     0.39     1.71
WCPT18-15           47.38    59.63    12.25
DIPCS10-7          726.91   733.00     6.09
W4-11-30           105.26   107.50     2.24
W4-11-57           190.03   182.52     7.51
W4-11-132          125.58   128.12     2.54
S66-6               13.08     7.55     5.53
S66-50               5.92     2.87     3.05
MB16-43-10          18.55    46.31    27.75
HAL59-40             9.33     3.34     5.99
HAL59-57             6.90     2.48     4.42
G21EA-14            27.57    29.30     1.73
G21EA-25            53.11    54.70     1.59
DC13-1               1.40    -1.00     2.40
BH76-5              12.10    17.80     5.70
PNICO23-16           4.77     1.78     2.99
HEAVY28-16           3.57     1.57     2.00
ACONF-10             0.16     1.25     1.09
CDIE20-9             4.16     2.90     1.26
PX13-9              42.48    42.30     0.18
BSR36-31            25.54    24.96     0.58
BHPERI-11           18.16    27.60     9.44
SIE4x4-15           45.21    16.90    28.31
BUT14DIOL-13         4.80     2.22     2.58
NFinal =  30, NActual =  30, WTMAD2 = 23.011
