Amino20x4-28         5.78     5.22     0.56
Amino20x4-54         1.56     1.72     0.16
BHROT27-16          16.17    14.52     1.65 
BHROT27-26          17.38    17.20     0.18
FH51-24            -19.36   -22.45     3.09 
FH51-30            -15.66   -16.98     1.32 
MCONF-1              0.52     0.39     0.13 
WCPT18-15           42.45    59.63    17.18
DIPCS10-7          732.37   733.00     0.63 
W4-11-30           106.59   107.50     0.91 
W4-11-57           187.00   182.52     4.48 
W4-11-132          161.79   128.12    33.67 
S66-6                8.75     7.55     1.20
S66-50               3.01     2.87     0.14
MB16-43-10          62.67    46.31    16.36
HAL59-40             3.89     3.34     0.55 
HAL59-57             2.56     2.48     0.08
G21EA-14            29.46    29.30     0.16
G21EA-25            57.84    54.70     3.14 
DC13-1               1.53    -1.00     2.53 
BH76-5               9.56    17.80     8.24 
PNICO23-16           2.15     1.78     0.37 
HEAVY28-16           2.28     1.57     0.71 
ACONF-10             1.45     1.25     0.20 
CDIE20-9             3.51     2.90     0.61 
PX13-9              31.50    42.30    10.80 
BSR36-31            21.12    24.96     3.84
BHPERI-11           18.78    27.60     8.82 
SIE4x4-15           50.92    16.90    34.02 
BUT14DIOL-13         2.52     2.22     0.30
NFinal =  30, NActual =  30, WTMAD2 = 10.211
