Amino20x4-28         6.76     5.22     1.55
Amino20x4-54         1.11     1.72     0.61
BHROT27-16          17.46    14.52     2.94
BHROT27-26          18.66    17.20     1.46
FH51-24            -25.87   -22.45     3.42
FH51-30            -14.19   -16.98     2.79
MCONF-1             -0.18     0.39     0.57
WCPT18-15           31.46    59.63    28.17
DIPCS10-7          695.57   733.00    37.43
W4-11-30            99.48   107.50     8.02
W4-11-57           197.09   182.52    14.58
W4-11-132          175.73   128.12    47.61
S66-6               10.76     7.55     3.21
S66-50               3.24     2.87     0.37
MB16-43-10          95.79    46.31    49.48
HAL59-40             5.07     3.34     1.73
HAL59-57             2.45     2.48     0.03
G21EA-14            19.69    29.30     9.61
G21EA-25            38.71    54.70    15.99
DC13-1               0.80    -1.00     1.80
BH76-5              11.74    17.80     6.06
PNICO23-16           2.79     1.78     1.01
HEAVY28-16           2.87     1.57     1.30
ACONF-10             1.09     1.25     0.16
CDIE20-9             3.05     2.90     0.15
PX13-9              23.06    42.30    19.24
BSR36-31            26.52    24.96     1.56
BHPERI-11           12.64    27.60    14.96
SIE4x4-15           51.56    16.90    34.66
BUT14DIOL-13         4.00     2.22     1.78
NFinal =  30, NActual =  30, WTMAD2 = 18.418
